183 78 29 189 142 159 124 147 167 1
183 78 29 189 124 142 159 167 164 147
183 29 78 189 159 142 147 124 127 45
183 29 189 78 142 159 147 1 124 127
183 78 189 29 159 124 142 147 167 45
183 29 78 189 159 124 142 147 167 164
189 159 29 142 183 147 78 33 190 45
189 78 183 29 159 147 142 190 12 42
183 29 189 78 142 159 147 45 190 32
189 29 159 142 183 147 78 42 70 45
183 29 78 189 159 142 147 124 45 32
183 189 78 29 159 142 147 124 167 45
183 29 189 78 142 159 147 1 124 127
183 78 29 189 124 159 142 167 147 164
183 78 189 29 167 124 159 142 179 61
183 29 189 78 159 142 147 124 13 127
183 29 142 189 42 78 1 159 45 170
183 29 189 78 159 142 124 147 45 32
183 29 78 189 159 142 147 124 45 32
183 29 142 189 127 42 45 78 32 70
183 29 189 78 142 159 124 147 127 190
183 29 189 78 142 159 147 45 190 32
183 29 78 189 159 142 147 124 45 32
183 189 29 78 142 159 147 190 45 32
183 29 189 78 142 159 45 147 190 127
183 29 78 189 142 159 124 127 1 147
183 78 29 189 142 159 124 147 1 167
78 183 189 29 142 159 45 32 1 147
183 78 29 189 142 159 124 164 147 167
183 29 78 189 142 159 124 147 127 1
183 29 78 189 159 142 147 124 164 45
183 189 29 78 159 142 45 147 190 32
183 29 189 78 159 142 147 124 127 32
183 29 189 78 159 142 124 147 167 45
183 29 189 78 142 159 127 147 124 42
183 29 78 189 159 142 124 147 164 167
183 29 78 189 142 159 124 164 147 127
183 78 29 189 124 159 167 142 164 179
183 29 189 78 159 142 13 147 124 32
183 29 189 142 78 159 147 190 45 42
183 29 78 189 159 142 124 147 1 167
183 78 29 189 159 142 124 147 167 164
183 29 78 189 142 159 124 147 1 164
183 29 189 78 142 159 124 127 45 32
29 189 183 78 142 159 190 42 147 45
183 29 189 78 159 142 147 124 45 32
183 78 189 29 124 159 164 147 167 142
183 29 142 189 78 159 42 127 1 45
189 183 29 78 142 159 190 45 32 147
183 29 78 142 189 42 127 159 190 147
183 29 78 142 189 159 1 124 105 147
183 29 189 78 142 159 147 45 190 32
183 189 29 78 159 142 147 45 124 32
183 29 189 78 159 142 147 190 45 32
183 29 189 78 159 142 124 147 167 32
183 78 29 189 159 124 142 164 147 167
183 29 78 189 124 142 167 159 127 164
183 29 189 78 142 159 190 45 147 32
183 29 189 142 78 159 190 45 147 42
183 29 189 78 142 159 127 124 147 1
183 29 142 189 42 127 78 159 70 45
183 29 78 189 142 159 124 127 147 1
183 29 78 189 142 159 124 1 147 167
183 189 78 29 159 142 147 124 45 32
29 183 78 189 142 159 1 147 124 127
183 29 78 189 124 167 13 159 164 142
183 29 78 189 142 159 124 147 167 32
183 78 29 189 159 142 124 147 167 105
183 189 29 78 159 190 142 147 45 32
189 159 33 183 78 142 147 29 190 155
183 189 29 78 159 142 190 147 45 32
183 189 29 78 159 142 147 45 32 190
183 29 189 78 159 142 147 190 1 45
183 29 189 78 142 159 42 147 190 127
183 29 189 78 142 159 127 42 190 147
183 29 78 189 142 159 147 124 1 127
29 183 142 78 189 42 1 159 127 190
183 29 189 78 142 159 147 190 45 42
183 29 189 78 159 142 147 190 45 32
29 183 189 142 159 78 190 147 42 45
183 189 78 29 159 142 147 45 190 32
183 29 189 78 159 142 147 124 32 13
183 29 189 78 142 159 147 1 190 45
183 29 189 78 142 159 147 45 42 190
183 78 29 189 159 142 124 147 167 105
29 189 78 142 159 42 190 183 147 70
183 189 29 78 142 159 45 190 147 32
183 29 78 189 159 124 142 164 13 147
189 183 29 78 159 45 190 147 32 142
183 29 189 78 159 142 45 147 190 32
183 29 189 78 159 142 147 124 45 190
183 29 189 78 142 159 147 42 127 1
183 189 29 78 159 142 147 190 45 124
183 29 78 189 159 142 124 147 167 45
189 29 183 159 142 45 32 78 42 147
183 29 78 189 159 142 147 124 127 32
183 29 189 142 78 159 127 42 1 147
183 189 78 29 159 142 147 45 32 124
183 29 189 78 142 159 1 147 127 42
183 29 78 189 159 124 142 147 167 164
